<?xml version="1.0"?>
<opencv_storage>
<cannyresult type_id="opencv-matrix">
  <rows>1447</rows>
  <cols>1</cols>
  <dt>"2i"</dt>
  <data>
    0 3 1 3 2 3 3 3 4 3 5 3 6 3 7 3 8 3 9 3 10 3 11 3 12 3 13 3 14 3 15
    3 16 3 17 3 18 3 19 3 20 3 21 3 22 3 23 3 24 3 25 3 26 3 27 3 28 3
    29 3 30 3 31 3 32 3 33 3 34 3 35 3 36 3 37 3 38 3 39 3 40 3 41 3 42
    3 43 3 44 3 45 3 46 3 47 3 48 3 49 3 50 3 51 3 52 3 53 3 54 3 55 3
    56 3 57 3 58 3 59 3 60 3 61 3 62 3 63 3 64 3 65 3 66 3 67 3 68 3 69
    3 70 3 71 3 72 3 73 3 74 3 75 3 76 3 77 3 78 3 79 3 80 3 81 3 82 3
    83 3 84 3 85 3 86 3 87 3 88 3 89 3 90 3 91 3 92 3 93 3 94 3 95 3 96
    3 97 3 98 3 99 3 100 3 101 3 102 3 103 3 104 3 105 3 106 3 107 3 108
    3 109 3 110 3 111 3 112 3 113 3 114 3 115 3 116 3 0 5 1 5 2 5 3 5 4
    5 5 5 6 5 7 5 8 5 9 5 10 5 11 5 12 5 13 5 14 5 15 5 16 5 17 5 18 5
    19 5 20 5 21 5 22 5 23 5 24 5 25 5 26 5 27 5 28 5 29 5 30 5 31 5 32
    5 33 5 34 5 35 5 36 5 37 5 38 5 39 5 40 5 41 5 42 5 43 5 44 5 45 5
    46 5 47 5 48 5 49 5 50 5 51 5 52 5 53 5 54 5 55 5 56 5 57 5 58 5 59
    5 60 5 61 5 62 5 63 5 64 5 65 5 66 5 67 5 68 5 69 5 70 5 71 5 72 5
    73 5 74 5 75 5 76 5 77 5 78 5 79 5 80 5 81 5 82 5 83 5 84 5 85 5 86
    5 87 5 88 5 89 5 90 5 91 5 92 5 93 5 94 5 95 5 96 5 97 5 98 5 99 5
    100 5 101 5 102 5 103 5 104 5 105 5 106 5 107 5 108 5 109 5 110 5
    111 5 112 5 113 5 114 5 115 5 116 5 50 16 52 16 50 17 51 17 52 17 50
    18 52 18 53 18 49 19 53 19 49 20 53 20 48 21 49 21 54 21 48 22 51 22
    54 22 55 22 47 23 48 23 50 23 52 23 55 23 47 24 50 24 52 24 55 24 46
    25 47 25 49 25 52 25 56 25 46 26 49 26 52 26 53 26 54 26 55 26 56 26
    46 27 47 27 48 27 45 28 48 28 49 28 51 28 52 28 53 28 54 28 55 28 56
    28 57 28 58 28 59 28 45 29 46 29 51 29 60 29 61 29 44 30 48 30 49 30
    51 30 52 30 53 30 54 30 55 30 56 30 57 30 61 30 62 30 63 30 84 30 85
    30 86 30 87 30 42 31 43 31 46 31 47 31 57 31 60 31 63 31 64 31 82 31
    83 31 87 31 41 32 42 32 44 32 45 32 46 32 51 32 52 32 53 32 54 32 55
    32 64 32 65 32 81 32 82 32 87 32 17 33 18 33 19 33 20 33 40 33 41 33
    47 33 48 33 51 33 57 33 62 33 63 33 65 33 66 33 67 33 80 33 81 33 83
    33 84 33 85 33 86 33 17 34 21 34 22 34 39 34 40 34 43 34 44 34 45 34
    46 34 51 34 53 34 55 34 57 34 59 34 60 34 61 34 62 34 67 34 78 34 79
    34 80 34 84 34 86 34 17 35 22 35 23 35 37 35 38 35 39 35 48 35 50 35
    51 35 57 35 61 35 65 35 68 35 77 35 78 35 83 35 84 35 15 36 17 36 18
    36 19 36 21 36 23 36 24 36 36 36 37 36 42 36 43 36 44 36 48 36 51 36
    54 36 55 36 57 36 58 36 59 36 61 36 68 36 75 36 76 36 77 36 82 36 83
    36 15 37 19 37 20 37 22 37 24 37 25 37 26 37 34 37 35 37 36 37 38 37
    39 37 40 37 41 37 42 37 51 37 52 37 53 37 54 37 57 37 60 37 61 37 68
    37 74 37 75 37 80 37 81 37 15 38 16 38 18 38 21 38 22 38 26 38 27 38
    28 38 33 38 34 38 49 38 50 38 59 38 61 38 72 38 73 38 74 38 78 38 79
    38 80 38 16 39 17 39 18 39 23 39 24 39 28 39 29 39 30 39 33 39 36 39
    37 39 40 39 43 39 44 39 45 39 48 39 49 39 53 39 54 39 55 39 56 39 57
    39 58 39 61 39 62 39 64 39 65 39 71 39 72 39 74 39 77 39 78 39 19 40
    24 40 25 40 30 40 32 40 39 40 40 40 46 40 47 40 48 40 57 40 61 40 66
    40 69 40 70 40 71 40 75 40 76 40 15 41 16 41 17 41 18 41 19 41 26 41
    27 41 30 41 32 41 34 41 37 41 38 41 54 41 57 41 59 41 61 41 62 41 64
    41 68 41 69 41 74 41 75 41 82 41 83 41 84 41 85 41 19 42 20 42 21 42
    22 42 27 42 28 42 30 42 32 42 43 42 48 42 49 42 50 42 51 42 52 42 53
    42 58 42 62 42 65 42 66 42 67 42 72 42 73 42 79 42 80 42 81 42 15 43
    16 43 17 43 18 43 27 43 29 43 30 43 32 43 38 43 42 43 43 43 53 43 54
    43 55 43 56 43 62 43 63 43 66 43 71 43 72 43 83 43 84 43 85 43 86 43
    20 44 21 44 32 44 35 44 36 44 37 44 38 44 40 44 41 44 52 44 57 44 58
    44 59 44 63 44 68 44 69 44 70 44 79 44 80 44 81 44 82 44 26 45 27 45
    30 45 32 45 33 45 34 45 44 45 45 45 46 45 47 45 48 45 49 45 50 45 51
    45 54 45 55 45 61 45 62 45 63 45 66 45 67 45 68 45 69 45 78 45 17 46
    21 46 28 46 29 46 41 46 42 46 43 46 50 46 60 46 61 46 63 46 64 46 68
    46 81 46 82 46 18 47 19 47 23 47 24 47 40 47 41 47 48 47 49 47 50 47
    55 47 60 47 65 47 68 47 69 47 80 47 84 47 20 48 21 48 24 48 25 48 40
    48 45 48 47 48 48 48 52 48 53 48 54 48 56 48 60 48 61 48 64 48 65 48
    67 48 69 48 21 49 22 49 25 49 37 49 38 49 40 49 46 49 47 49 50 49 51
    49 52 49 56 49 61 49 63 49 64 49 68 49 70 49 22 50 23 50 26 50 36 50
    37 50 39 50 41 50 42 50 43 50 44 50 45 50 48 50 49 50 56 50 62 50 68
    50 71 50 23 51 24 51 27 51 36 51 44 51 52 51 53 51 54 51 56 51 64 51
    68 51 69 51 71 51 24 52 27 52 36 52 38 52 39 52 40 52 41 52 42 52 44
    52 45 52 49 52 50 52 51 52 54 52 57 52 59 52 69 52 70 52 71 52 25 53
    36 53 38 53 42 53 43 53 46 53 47 53 48 53 49 53 55 53 57 53 62 53 38
    54 43 54 55 54 57 54 62 54 64 54 65 54 38 55 43 55 44 55 45 55 55 55
    57 55 62 55 64 55 36 56 38 56 43 56 46 56 55 56 57 56 61 56 65 56 66
    56 36 57 38 57 42 57 46 57 47 57 48 57 49 57 55 57 57 57 58 57 63 57
    64 57 37 58 38 58 39 58 41 58 42 58 44 58 49 58 50 58 54 58 55 58 58
    58 59 58 60 58 61 58 62 58 63 58 64 58 65 58 37 59 39 59 42 59 45 59
    47 59 51 59 52 59 53 59 60 59 63 59 66 59 67 59 35 60 36 60 37 60 43
    60 45 60 46 60 48 60 50 60 55 60 56 60 57 60 59 60 60 60 66 60 67 60
    68 60 34 61 35 61 39 61 40 61 43 61 46 61 48 61 51 61 52 61 53 61 54
    61 59 61 66 61 68 61 69 61 33 62 34 62 38 62 39 62 41 62 43 62 46 62
    49 62 54 62 57 62 58 62 60 62 61 62 66 62 69 62 70 62 32 63 33 63 38
    63 43 63 44 63 46 63 49 63 50 63 51 63 54 63 55 63 56 63 61 63 67 63
    70 63 71 63 30 64 31 64 32 64 38 64 42 64 44 64 45 64 46 64 50 64 59
    64 62 64 66 64 68 64 71 64 72 64 30 65 38 65 42 65 43 65 47 65 50 65
    56 65 57 65 59 65 62 65 63 65 66 65 69 65 72 65 73 65 74 65 29 66 30
    66 37 66 38 66 41 66 47 66 48 66 49 66 50 66 56 66 59 66 63 66 64 66
    65 66 70 66 74 66 28 67 29 67 37 67 41 67 42 67 43 67 45 67 48 67 49
    67 52 67 56 67 59 67 63 67 65 67 66 67 72 67 74 67 75 67 27 68 30 68
    36 68 37 68 41 68 43 68 44 68 45 68 51 68 52 68 56 68 59 68 63 68 66
    68 67 68 75 68 76 68 77 68 26 69 27 69 35 69 36 69 44 69 49 69 50 69
    51 69 56 69 57 69 59 69 63 69 67 69 68 69 74 69 77 69 25 70 26 70 28
    70 29 70 33 70 34 70 35 70 45 70 46 70 47 70 48 70 53 70 54 70 55 70
    57 70 58 70 59 70 64 70 69 70 75 70 77 70 78 70 25 71 32 71 33 71 37
    71 42 71 43 71 49 71 50 71 51 71 53 71 55 71 57 71 58 71 65 71 67 71
    69 71 70 71 71 71 76 71 78 71 79 71 24 72 25 72 31 72 32 72 37 72 42
    72 45 72 46 72 47 72 48 72 52 72 55 72 57 72 65 72 71 72 72 72 76 72
    79 72 80 72 23 73 24 73 29 73 30 73 31 73 33 73 34 73 37 73 42 73 49
    73 51 73 54 73 55 73 56 73 64 73 66 73 68 73 69 73 72 73 73 73 77 73
    80 73 81 73 22 74 23 74 27 74 28 74 32 74 36 74 43 74 46 74 47 74 48
    74 49 74 52 74 53 74 54 74 66 74 67 74 69 74 70 74 74 74 75 74 81 74
    21 75 25 75 26 75 27 75 30 75 31 75 34 75 35 75 43 75 44 75 51 75 52
    75 64 75 67 75 71 75 72 75 75 75 76 75 77 75 82 75 21 76 23 76 30 76
    35 76 44 76 45 76 46 76 47 76 48 76 49 76 50 76 62 76 63 76 64 76 65
    76 68 76 72 76 78 76 79 76 80 76 82 76 30 77 32 77 34 77 35 77 37 77
    38 77 39 77 42 77 43 77 62 77 66 77 68 77 69 77 73 77 81 77 82 77 30
    78 33 78 34 78 39 78 42 78 63 78 69 78 70 78 73 78 30 79 32 79 33 79
    39 79 40 79 62 79 63 79 64 79 70 79 73 79 30 80 32 80 39 80 64 80 65
    80 70 80 71 80 73 80 29 81 31 81 65 81 66 81 71 81 73 81 28 82 29 82
    31 82 67 82 68 82 72 82 74 82 28 83 68 83 69 83 70 83 72 83 74 83 28
    84 30 84 72 84 73 84 74 84 28 85 29 85 30 85 0 97 1 97 2 97 3 97 4
    97 5 97 6 97 7 97 8 97 9 97 10 97 11 97 12 97 13 97 14 97 15 97 16
    97 17 97 18 97 19 97 20 97 21 97 22 97 23 97 24 97 25 97 26 97 27 97
    28 97 29 97 30 97 31 97 32 97 33 97 34 97 35 97 36 97 37 97 38 97 39
    97 40 97 41 97 42 97 43 97 44 97 45 97 46 97 47 97 48 97 49 97 50 97
    51 97 52 97 53 97 54 97 55 97 56 97 57 97 58 97 59 97 60 97 61 97 62
